0:10057918322,1013105151,10131871840,1328443789,1475680264,1475680265,1475680277,2780601661,2780601672,2780617506,2780617508,2780617510,2780617517,2780617524,2780617531,2780617535,2780617537,2780617541,2780617545,2780617555,2780617557,2780617559,2780617567,2780617569,2780617571,2780617575,2780617578,2780617580,2780617582,2780617583,2780617584,2780617585,2780617586,2780617589,2780617591,2780617593,2780617597,2780617603,2780617611,2780622677,2780622679,2780622680,2780622683,2780622684,2780622686,2780622689,2780622691,2780622696,2780622698,2780622700,2780622702,2780639718,2780639722,2780639730,2780639731,2780639734,2780639735,2780639739,2780639748,2780639751,2780639755,2780639756,2780639758,2780639764,2780639765,2780639766,2780639776,2780639778,2780639781,2780639784,2780639790,2780639796,2780639798,2780639799,2780639800,2780639810,2780639811,2780639812,2780639815,2780639818,2780639825,2780647095,2780647107,2780647118,2780647125,2780647132,2780647140,2780647151,2780647152,2780647163,2780647165,2780647169,2780647171,287876055,372321709,5209475642,5209475664,5209475665,8200445399,8200445400,83564066,8493556702,8493556703,8493556704,8493556705,8493556708,8493556709,8493556710,8493556711,8493556712,8493556724,8493556726,
1:1475680260,1475680262,1475680263,1475680266,1475680271,1475680272,1475680276,1611128462,2780647076,2780647079,2780647091,2780647098,2780647100,2780647103,2780647106,2780647109,2780647128,2780647145,2780647158,2780647161,2780647162,2780647192,83612269,83612270,83612271,
2:10220064384,1475680267,1475680269,1476573067,1476873440,1611128458,1611128459,1611128461,2780647081,2780647093,2780647099,2780647110,2780647113,2780647121,2780647124,2780647150,2780647153,2780647156,2780647174,2780647175,2780647178,2780647180,2780647183,2780647188,2780647189,2780647190,2780647193,5792987426,5792989893,5792989905,5792989908,83612273,83612274,83612277,
3:10220064358,10220064359,10220064360,10220064361,10220064362,10220064363,10220064364,10220064365,10220064366,10220064367,10220064368,10220064369,10220064370,10220064371,10220064372,10220064373,10220064374,10220064375,10220064376,10220064377,10220064378,10220064379,10220064380,10220064381,10220064382,10220064383,1476873383,1476873399,1476873407,1476873410,1476873415,1476873435,1476873444,1476873446,1611126877,1611126878,1611126879,2780647080,2780647105,2780647141,2780647149,2780647160,2780647181,2780647184,2780647187,829659942,83540204,83540209,83612159,83612162,83612163,
4:10220000381,10220000384,10220000385,10220000387,10220000388,10220000408,10220000409,10220000410,10220000411,10220064318,10220064319,10220064320,10220064321,10220064322,10220064323,10220064324,10220064325,10220064326,10220064327,10220064328,10220064329,10220064330,10220064331,10220064332,1476873413,1476873429,1476873433,2780647087,2780647102,2780647114,2780647120,2780647122,2780647138,351969062,351969063,351969073,351969074,351969075,351969077,83510649,83510651,83531362,83612135,
5:10220000402,10220000403,10220000404,10220000405,10220000406,10220000407,10220064333,10220064334,10220064335,10220064336,10220064337,10220064338,10220064339,10220064340,10220064341,10220064342,10220064343,10220064344,10220064345,10220064346,10220064347,10220064348,10220064349,10220064350,10220064351,10220064352,10220064353,10220064354,10220064355,10220064356,10220064357,2780647092,316729904,316729905,316730040,316730041,316730042,316730043,351967858,351967859,351968331,351968332,351968333,351968344,351968380,351968451,351968453,351968454,351968455,351968456,351968623,351969064,372978438,372978440,372978441,372978442,372978443,372978444,6295214531,6295214532,6295214533,6295214534,6295243986,6295243987,6295243988,6295243989,790628673,790628674,790628679,790628680,790628681,790628683,83510653,83510660,83510661,83510663,83527419,83531413,83531415,83531417,83531419,83531420,83531422,83531424,83531426,83531429,83531430,83531432,83531434,83531437,83531440,83531450,83531452,83531454,83531458,83531459,83531461,83531462,83531463,83531464,83531465,83531466,83531467,83531468,83537487,83537489,9358933101,9365832631,9365832632,9365832633,9365832634,9365832635,9365906415,9365906416,9365927417,9365927418,9365927419,9365927420,9365927421,9365927422,9365927423,9365927424,9365927425,
6:10092266971,10092266972,10092266973,2031860860,2031860861,2031860878,2031860879,2031860887,2031860888,2031860889,2031860890,372322639,372322699,462040213,462040214,462040226,462040228,462040229,462040564,462040565,462040569,462040572,462040623,462040624,462041110,462041111,462041437,462041547,5844922317,5844922320,5844965201,5844965236,5844965242,8493556707,8493556725,8493556727,8493556728,8493556729,8493556730,8493556732,8493556733,8493556734,8493556735,8493556759,8493556769,8493556770,8493556771,8493556772,8493556773,8493556776,8493556777,8493556778,8493556779,8493556780,8493556781,8493556782,
7:
8:
9:
10:
11:1590183209,351967817,351967891,351969347,351969496,351969497,351969498,351969499,351969500,360144400,360144615,360144616,360144834,360144835,360144892,360144898,360144899,372978349,6797821209,790628605,790628638,790628639,790628640,83510670,9445310040,
12:10024034778,2031860850,2031860854,2031860855,2786645077,2786645078,2786645079,2786645080,2786645081,2786645083,2786645084,2786645085,2786645086,2786645087,2786645088,315028961,315028962,3354361169,3354361170,3354361171,3354361172,352879647,352879648,352879649,352879650,352879651,352879652,352879653,352879654,352879655,352879656,352879657,352879658,352879659,352879660,352879661,352879662,352879663,352879664,352879665,352879666,352879667,352879668,352879919,352880025,352880026,352880027,352880028,352880029,352880030,352880031,352880032,352880033,352880034,352880035,352880036,352880037,352880038,352880039,352880040,352880041,352880042,352880099,352880461,352880462,352880463,352880464,352880465,352880466,352880467,352880468,352880469,352880471,352880472,352880473,352880474,352880475,352880476,352880477,352880478,352880479,352880480,352880618,352880619,352880621,352880622,352880623,352880624,352880625,352880626,352880627,352880628,352880629,352880630,352880631,352880632,352880633,352880634,352880635,352880636,352880791,352880793,352880794,352880795,352880796,352880797,352881417,352881418,352881419,352881420,352881422,352881423,352881424,352881425,352881426,352881427,372322621,372322678,372322680,386259969,462040562,5844922323,83511362,83514269,8493556736,8493556737,8493556738,8493556739,8493556740,8493556741,8493556742,8493556743,8493556744,8493556745,8493556746,8493556747,8493556748,8493556749,8493556750,8493556751,8493556752,8493556755,8493556756,8493556783,8493556784,8493556785,8493556786,8493556787,8493556788,8493556789,8493556790,8493556791,8493556792,8493556793,8493556794,8493556795,8493556796,8493556797,8493556798,8493556801,
13:1013077384,1590194551,1590194553,1590194555,1590194556,1590194557,1590194558,315028963,3354361173,3354361174,3354361175,3354361176,352880798,352880994,352881416,385619734,386259961,386259964,386259966,386261489,472513115,83699792,
14:10011640972,1013077364,10225510385,10539656544,10539656545,1590194577,1590194578,1590194579,1590194580,1590194582,1590194584,1590194586,1590194588,1590194598,1590194612,1590194615,1590194622,1590194660,1590194663,1590194665,1590194671,1590194673,1590194676,1590194687,1590194689,1590194691,315028964,3354361177,3354361178,3354361179,3354361180,386259949,386259952,5793024717,5793024719,5793024720,5793024721,5793024723,5793024724,5793024725,5793024726,5793024727,5793024728,5793024730,5793024731,5793024734,5793024737,5793024740,5793024743,5793024746,5793024748,5793024750,5793024751,5793025154,5793025156,5793025158,5793025159,5793025163,5793025165,5793025166,5793025171,5793025172,5793025173,5793025177,5793025180,5793025182,5793025183,5793025185,5793025186,5793025187,5793025188,5793025191,5793025194,5793152853,5793152872,5793152892,5793152893,5793152895,5793152917,5793152934,5793152959,5793152961,5793152962,5793152970,83699794,9976600156,9976600157,
15:1590194696,1590194698,315028965,3354361181,3354361182,3354361183,3354361184,3354361185,386259933,386259939,566552009,5793152138,5793152144,651305329,83699798,83699800,83699802,83699804,83699806,83699808,
16:1013077312,10593190917,10593190918,10593192614,11560220069,11560220070,1590184449,1590184450,1590184451,1590184452,1590184453,1590184454,1590194700,3354361186,3354361189,3354361190,351972538,351972539,351972550,372974589,373420896,386259920,386259923,386259926,386259929,651305153,83513875,83513877,83514005,83699810,83699812,9398011344,
17:1590183211,1590183213,1590183215,351969569,351969914,351969915,351969916,351969917,351969918,351969919,351969920,351969921,351969922,351969923,351969924,351969925,351969926,351969998,351969999,351970377,351970988,351971226,351971357,351971358,351971359,351971360,351971361,351971362,351971363,351971364,351971366,351971506,351971507,351971508,351971569,351971570,351971571,351971572,351971574,351971840,351971841,351971842,351971843,351971883,351971885,351971888,351972272,351972274,351972275,351972276,351972277,351972278,351972279,351972280,351972530,351972531,351972532,351972533,351972534,351972535,351972536,351972537,351973072,351973096,351973098,351973163,351973165,351973220,351973475,351973476,351973477,351973478,351973479,351973480,351973496,360144836,360145319,360145322,360145323,360516058,360516059,360516877,373044011,790628579,790628580,790628581,790628582,790628583,790628584,790628585,790628586,790628587,790628588,790628589,790628590,790628591,790628592,790628593,790628594,790628595,790628596,790628597,790628598,790628599,790628606,790628607,790628608,790628609,790628610,790628611,790628612,790628613,790628614,83513981,83513984,83513988,83513990,83513992,83513997,83514175,9249073235,9359505004,9359505005,9359505007,9396572233,9398011345,
18:10092266969,10593214608,10593214609,1173975086,1173975096,1173975098,1173975100,1173975101,1173975103,1173975105,1173975116,1173975124,352880788,352880789,352880790,352881906,352882112,352882115,352882116,352882121,352882316,352882317,352882318,352882319,352882321,352882355,352882499,352882501,352882827,352883240,352883272,352883273,352883274,352883275,352883433,352883434,352883435,352883437,5793356023,5793356024,5793356034,5793356051,5793360773,5793360779,5793360787,5793360788,5793360792,5793360799,5793360804,5793360805,5793360822,5793360826,5793434578,5793434581,5793434587,5793434588,5793434597,5793434601,5793434602,5793434603,5793434607,5793434616,5793434619,5793434620,5793434625,5793434632,5793434637,5793434638,5793434642,5793434644,5793434645,5793434647,5793435154,5793435157,5793435158,5793435159,5793435162,5793435167,5793435169,5793435171,5793435180,5793435182,5793435183,5793435189,5793435191,5793435194,5793435196,5793435198,5793435203,5793435206,5793435216,5793435220,5793435222,5793435226,5793435235,5793435240,5793435242,5793435246,5793435250,5793435354,5793435358,5793435364,5793435369,5793435378,5793435386,5793435387,5793435393,5793435394,5793435395,5793435396,5793435400,5793435404,5793435410,5793435421,5793435422,5793435425,5793435439,5793435444,5793435446,5793435448,5793435450,5793435452,5793435455,5793435456,5793435460,5793435462,5793435465,5793435469,5793435471,5793435476,5793435478,5793435484,8493556753,8493556754,8493556799,8493556800,8493556892,8493556893,8493556894,8493556897,8493556908,8493556909,8493556910,8493556911,8493556912,8493556913,8493556918,8493556919,8493556920,8493556921,8493556936,9929454984,
19:
20:
21:
22:
23:10038841838,11895968653,11895968654,351971367,351971575,351971576,351971577,351971844,351972027,351972028,351972269,351972270,351972271,351973221,351973223,351973337,351973338,351973379,351973380,351973381,351973382,351973383,351973384,351973431,351973433,3590881064,3590881066,360145700,360145702,360145703,360516060,360516061,360516064,360516065,360516066,360516067,360516795,360516796,360516798,360516799,360516801,360516958,360517244,360517451,360517452,360517690,360518123,360518580,360518635,5381597467,6322628116,6322628117,6322628122,6322628123,6322628124,6322628125,6397232894,6397232898,765045695,765045696,765045697,7708123337,8192063479,8192063483,9249073225,9249073226,9249073227,9249073228,9249073229,9249073230,9249073231,9249073232,9249073233,9249073234,9359505006,9448560884,9448560887,
24:10039673048,10736906047,352870307,352881901,352883788,352883790,352884190,352884598,83520886,8493556832,8493556833,8493556834,8493556835,8493556836,8493556837,8493556838,8493556839,8493556840,8493556858,8493556889,8493556891,8493556905,8493556906,8493556907,8493556922,8493556925,8493556926,8493556928,8493556929,8493556930,8508761648,
25:
26:
27:
28:
29:10092566809,1897552399,351978043,351978044,351978045,351978046,351978047,351978105,351978106,351978655,351978656,351978865,360516068,360516069,360516070,360516071,360516802,360516803,360516804,360516805,360518942,360518943,360518970,360518972,360519148,360519152,360519175,360519176,360519542,360519543,360519549,9445310038,
30:3191230235,352868238,352868239,352868251,352868253,352868255,352868257,352868258,352870301,352870304,352870308,352870310,352871330,352871331,352871332,352871333,352871334,352871335,352871336,352871337,352871338,352871339,352871340,352871341,352871355,352883783,352883784,352883786,352884673,352884674,352884711,352884775,352884776,352884777,352884779,352884780,352884789,4287486688,4287487491,4287487494,4287487495,4287487496,4287487498,5739328157,5846763849,8493556827,8493556828,8493556829,8493556830,8493556831,8493556872,8493556873,8493556874,8493556875,8493556876,8493556877,8493556878,8493556879,8493556880,8493556881,8493556882,8493556883,8493556887,8723340012,8723340015,8723340016,8723392317,8723392318,8723392319,8723392320,8723392321,8723392322,8723392323,8723392324,8723392325,8723392326,8723392327,8723392339,8723392340,8723392341,8723392342,8723392343,8746214720,8746214721,8746214722,8746214723,8746214724,8746214725,8746214726,8746214727,8746214728,8746214729,8746214730,8746214731,8746214732,8746214733,8746214734,8746214735,8746214736,8746214737,8746214738,9946256068,
31:10600312573,10600316092,10600316093,12074212900,352871327,352871328,352871329,352873862,352875896,352875897,352875899,353136017,353136018,353136054,353136056,353136057,353136159,353136170,430538901,83683899,8723340013,8723340014,
32:352875900,359386609,359387243,359387244,359388759,359389202,359389591,359389831,359389832,432831530,432831531,432831532,432831540,432831542,432831543,432833732,8151302625,8151302627,8151302631,8151302633,83530570,83530572,83530574,83530575,
33:10564302634,1589941674,1589941675,1589941676,1589941677,1589941679,1589941680,1589941681,1589941682,1590005889,1590005891,1590005893,1590005897,1590005901,1590005918,1590005919,1590005920,1887650794,1887650795,1887650796,1887650798,359383610,359387242,359389508,432831768,432831770,432831772,432831773,433581087,433581089,6294995094,6347390274,6347390275,6347390276,6347390277,6347390278,6347390279,83518250,83530561,83530563,83530566,83530568,83683877,83683879,8497909526,
34:10959274212,12045050856,12045050857,12045050858,12045050859,12045050860,12045050861,1590005921,351977401,351977402,351977424,351977425,351977426,351977654,351978353,351981132,351981133,351981182,351981183,351981205,351981217,351981218,351981219,351981220,351981221,351981223,359383608,359383609,374575276,374575298,374575373,429958229,432831774,83510857,8558016684,8558016685,
35:10593194057,11932941558,11932941560,11932941567,11932941568,11932968869,11932968870,11932968871,11932968874,11932968875,11932968877,11932968879,11932968880,11932968881,12045050838,1218576986,1218576992,1218577008,1218577011,351978107,351978108,351978109,351978110,351978111,351978112,351978113,351978641,351978642,351978643,351978644,351978645,351978646,351978647,351978648,351978649,351978650,351978651,351978652,351978653,351978654,351981134,351981135,351981136,351981137,351981138,351981177,351981178,351981179,351981180,351981181,351981197,351981199,351981201,351981203,432835342,432835343,432835344,432835345,432835944,6444098732,6444098733,7021240346,8558016651,8558016652,8558016653,8558016654,8558016666,8558016667,8558016668,8558016669,8558016670,8558016681,8558016682,8558016683,9445310037,9593558573,
